1
7
8
11
14
18
19
29
34
37
38
44
49
54
55
57
61
66
77
82
87
91
92
94
96
102
115
120
128
129
136
137
157
158
164
165
167
170
173
179
184
186
190
191
193
202
203
207
208
209
210
212
214
221
226
227
228
231
232
244
249
250
254
259
262
268
282
286
294
295
296
297
304
306
307
313
316
317
326
331
338
339
358
363
365
366
367
369
372
378
379
381
384
390
395
400
402
431
432
433
434
443
445
447
448
449
456
461
465
475
480
488
489
496
500
505
509
515
519
536
537
546
557
578
584
593
599
601
607
626
630
638
639
644
645
649
652
659
662
665
667
674
682
683
686
689
693
695
696
698
710
712
718
722
724
733
734
736
740
741
750
756
757
760
761
772
789
797
813
819
828
840
843
848
849
850
863
867
875
876
877
883
888
889
890
891
892
894
901
905
907
909
910
914
918
924
935
941
962
964
967
968
970
971
978
986
989
993
1001
1008
1010
1012
1013
1014
1015
1017
1025
1031
1033
1050
1051
1052
1067
1070
1071
1075
1086
1095
1097
1101
1103
1108
1117
1120
1121
1122
1126
1127
1134
1138
1139
1140
1143
1148
1152
1156
1161
1167
1173
1175
1177
1180
1197
1199
1203
1204
1208
1210
1212
1217
1218
1221
1224
1228
1229
1234
1238
1241
1242
1261
1271
1272
1273
1275
1277
1281
1282
1288
1291
1292
1294
1301
1304
1306
1307
1308
1329
1331
1334
1345
1355
1356
1366
1367
1370
1373
1378
1387
1391
1401
1404
1405
1408
1409
1410
1421
1422
1426
1437
1448
1455
1456
1479
1480
1484
1487
1493
1497
1506
1508
1514
1530
1533
1537
1539
1543
1544
1549
1550
1554
1560
1567
1569
1575
1583
1584
1585
1591
1592
1600
1612
1614
1616
1623
1624
1627
1629
1630
1634
1636
1644
1646
1661
1663
1672
1674
1675
1679
1681
1686
1687
1693
1695
1696
1704
1709
1713
1714
1716
1726
1731
1733
1735
1736
1740
1742
1756
1763
1765
1771
1772
1779
1781
1783
1791
1793
1795
1801
1802
1810
1814
1816
1819
1822
1845
1846
1850
1854
1858
1863
1872
1873
1874
1883
1886
1895
1899
1904
1906
1907
1909
1915
1923
1928
1929
1932
1933
1945
1948
1950
1954
1964
1965
1966
1971
1977
1980
1984
1988
1989
2000
2003
2005
2006
2010
2013
2022
2028
2029
2030
2032
2033
2034
2038
2039
2040
2041
2042
2043
2048
2050
2053
2055
2056
2057
2058
2062
2063
2065
2066
2067
2068
2070
2073
2075
2076
2078
2084
2085
2086
2090
2092
2093
2094
2095
2098
2100
2102
2105
2108
2110
2111
2112
2113
2114
2116
2117
2118
2120
2122
2124
2126
2127
2128
2130
2131
2132
2133
2134
2135
2136
2137
2138
2139
2140
2143
2144
2146
2147
2151
2152
2153
2154
2156
2158
2160
2161
2162
2166
2168
2169
2170
2171
2172
2175
2177
2179
2181
2182
2183
2184
2186
2187
2190
2191
2192
2193
2194
2195
2196
2197
2199
2200
2201
2202
2203
2206
2209
2210
2211
2212
2213
2216
2218
2220
2221
2222
2223
2224
2225
2226
2228
2229
2231
2232
2234
2236
2237
2238
2239
2240
2241
2242
2243
2245
2246
2249
2250
2252
2256
2257
2258
2259
2260
2263
2264
2265
2266
2268
2269
2270
2272
2273
2274
2275
2276
2277
2279
2280
2282
2284
2285
2287
2290
2291
2293
2294
2295
2296
2297
2299
2300
2301
2302
2304
2305
2306
2307
2308
2309
2310
2312
2313
2315
2316
2317
2318
2319
2325
2329
2330
2332
2333
2335
2336
2337
2338
2340
2341
2342
2343
2344
2345
2347
2348
2349
2350
2351
2352
2353
2354
2355
2356
2357
2360
2361
2363
2365
2366
2367
2368
2370
2371
2372
2373
2374
2375
2376
2377
2378
2379
2382
2384
2385
2387
2388
2391
2395
2396
2397
2398
2400
2401
2402
2403
2405
2408
2410
2411
2413
2415
2416
2420
2423
2424
2429
2430
2431
2435
2438
2440
2441
2442
2443
2444
2447
2448
2452
2454
2455
2456
2457
2458
2459
2463
2464
2465
2466
2471
2472
2473
2474
2475
2477
2478
2480
2481
2483
2485
2486
2487
2489
2491
2493
2494
2497
2498
2499
2500
2502
2503
2504
2506
2507
2510
2511
2512
2513
2514
2515
2517
2519
2520
2521
2522
2523
2524
2525
2526
2527
2528
2530
2532
2534
2536
2537
2538
2540
2541
2542
2543
2546
2550
2553
2554
2557
2561
2562
2563
2568
2570
2571
2572
2574
2576
2577
2578
2580
2583
2584
2585
2587
2588
2589
2590
2591
2592
2597
2599
2602
2604
2611
2613
2614
2615
2621
2622
2625
2626
2627
2630
2631
2632
2633
2634
2635
2638
2640
2641
2643
2644
2645
2646
2647
2648
2650
2653
2654
2655
2656
2658
2661
2662
2663
2664
2665
2666
2667
2668
2669
2670
2671
2672
2673
2674
2675
2676
2677
2679
2680
2682
2683
2685
2687
2688
2689
2691
2692
2695
2696
2697
2698
2699
2700
2701
2702
2703
2705
2707
2708
2711
2713
2714
2715
2716
2717
2718
2719
2720
2722
2724
2725
2726
2728
2730
2731
2732
2733
2734
2735
2736
2737
2739
2740
2743
2745
2746
2747
2748
2749
2752
2753
2754
2755
2757
2758
2759
2767
2768
2773
2779
2780
2784
2785
2786
2787
2792
2794
2795
2796
2800
2801
2802
2806
2807
2812
2815
2817
2820
2823
2827
2832
2835
2838
2840
2841
2842
2843
2845
2847
2848
2849
2851
2856
2857
2858
2859
2860
2861
2864
2865
2869
2870
2871
2872
2873
2874
2877
2878
2880
2881
2882
2883
2884
2885
2889
2890
2891
2892
2894
2895
2897
2898
2899
2900
2901
2902
2903
2904
2905
2906
2907
2908
2910
2912
2913
2914
2915
2916
2918
2919
2921
2925
2929
2930
2931
2932
2936
2937
2938
2939
2942
2943
2946
2947
2952
2953
2954
2956
2957
2958
2959
2961
2962
2965
2968
2970
2971
2972
2974
2975
2976
2977
2978
2980
2981
2984
2990
2993
2996
2997
2998
2999
3000
3001
3003
3004
3005
3009
3012
3013
3020
3022
3023
3025
3026
3027
3028
3029
3030
3031
3032
3033
3035
3039
3040
3042
3045
3046
3047
3051
3052
3058
3061
3064
3066
3069
3070
3072
3073
3075
3076
3080
3082
3085
3086
3087
3093
3095
3097
3098
3099
3100
3102
3103
3104
3106
3107
3108
3109
3111
3112
3114
3116
3117
3119
3120
3121
3123
3124
3125
3127
3128
3130
3133
3134
3136
3137
3141
3142
3144
3147
3149
3151
3152
3153
3156
3158
3159
3162
3163
3164
3166
3167
3168
3169
3170
3172
3174
3175
3179
3182
3185
3187
3188
3190
3192
3193
3194
3195
3197
3198
3199
3200
3201
3202
3203
3207
3208
3209
3210
3211
3212
3213
3214
3215
3216
3219
3220
3221
3223
3224
3225
3230
3231
3232
3233
3234
3236
3239
3240
3242
3243
3244
3245
3247
3249
3250
3252
3253
3257
3261
3263
3264
3267
3269
3272
3274
3275
3276
3278
3279
3281
3282
3284
3285
3286
3287
3288
3289
3290
3291
3292
3295
3296
3297
3301
3302
3303
3305
3306
3308
3309
3311
3313
3314
3315
3316
3317
3319
3320
3321
3322
3325
3326
3329
3330
3331
3332
3338
3345
3351
3353
3354
3358
3359
3361
3362
3364
3366
3367
3369
3370
3371
3372
3382
3384
3386
3387
3388
3391
3393
3394
3395
3397
3400
3401
3402
3403
3405
3406
3409
3410
3411
3412
3414
3415
3419
3422
3425
3426
3427
3428
3430
3431
3433
3434
3435
3436
3437
3440
3445
3446
3448
3452
3453
3454
3458
3459
3460
3461
3464
3469
3473
3474
3477
3484
3485
3489
3493
3495
3496
3497
3503
3504
3506
3507
3508
3509
3510
3511
3514
3515
3516
3517
3519
3521
3524
3528
3529
3530
3532
3534
3535
3536
3540
3541
3543
3544
3545
3546
3548
3552
3553
3554
3556
3557
3558
3559
3560
3561
3562
3563
3565
3566
3567
3568
3569
3570
3572
3577
3578
3585
3595
3603
3604
3605
3607
3608
3611
6009
6210
6257
6357
6448
6458
6462
6480
6537
6541
6762
6819
6852
6864
7007
7035
7144
7181
7321
7355
7369
7393
7423
7428
7443
7482
7499
7506
7521
7536
7558
7560
7563
7582
7583
7603
7631
7689
7690
7794
7964
8147
8151
8268
8295
8411
8416
8670
8734
8861
8865
8870
9417
9776
9864
9875
10516
10539
10540
10541
10568
10571
10574
10773
10850
10885
10898
10925
11080
11931
12406
13366
13415
13458
13539
13618
13670
13700
13735
13736
13746
14077
14117
14168
14286
15161
15223
15415
20467
20680
21562
22558
23689
23692
23706
26796
28070
28704
29926
30287
30365
30472
34220
34496
35732
37189
38427
45129
